Category,0,1,2,3,4,5,6,7,8,9,10,11,12,13,14,15,16,17,18,19,cluster
Assault,0.030483531885073578,0.0,0.04776921280074742,0.2667601027797242,0.5680915673907965,0.7522775052557811,0.6589581873394064,0.579187105816398,0.4544498948843727,0.28416257883672036,0.12754029432375602,0.22132679280541923,0.42560149497780886,0.40247605699602884,0.6676010277972435,0.8070544265358559,1.0,0.6760102779724364,0.8204858677878999,0.524059799112357,2
Burglary,0.87240746837229,0.8321967737384188,0.9014250105817618,0.8284813996143536,0.790434087381837,0.8500211635234916,0.9554625405634201,0.8893853172177022,0.9878192164793302,1.0,0.8986502375017638,0.9644452805342614,0.8989794478671871,0.5352019940742134,0.564454686544702,0.4586370690871467,0.448948878333255,0.17311762216056065,0.0648544419884306,0.0,4
Child Neglect and Cruelty,0.025906735751295373,0.05958549222797932,0.24870466321243523,0.34196891191709844,1.0,0.9740932642487048,0.8756476683937824,0.689119170984456,0.07512953367875652,0.15803108808290156,0.15025906735751293,0.20725388601036276,0.0,0.25647668393782386,0.5595854922279793,0.4689119170984456,0.3886010362694301,0.4430051813471503,0.3031088082901555,0.046632124352331605,1
Damage to Property and to the Environment,0.6342984725520077,0.7411135131303824,0.8360562781302051,0.9732785200411099,0.9621504766630046,0.9999999999999999,0.9135627458624233,0.8034163801963355,0.6736718999184889,0.5669277385972994,0.44533437289577205,0.3965694439522274,0.34769819612290465,0.21423255484282522,0.2482900379204026,0.19101959811461178,0.20505369103731785,0.12017578055781974,0.11145763192401736,0.0,3
Dangerous Driving,0.40660518979197946,0.45757380799199365,0.5948245049681894,0.9143612838658947,1.0,0.8891986560869255,0.5920366001858602,0.3584244763742941,0.23339766959754094,0.17277861176638787,0.08020587604546425,0.062191722067338584,0.053970977196368564,0.08978483093859457,0.12602759310887124,0.12388305096861818,0.13968117806848235,0.13760812066623773,0.11423261133747942,0.0,3
Drug Offences,0.0,0.04402873604097024,0.28814282665907964,0.3510206984849562,0.6563055693861584,1.0,0.8940891955331105,0.7459990041966,0.5884486805604952,0.5035920051212748,0.4288356213101927,0.466889536951419,0.40920406856817704,0.478199018422363,0.5309054698058184,0.6386656234440573,0.8547549612347962,0.984707304929227,0.763923465395832,0.29625151148730355,1
Endangerment,0.0,0.01055408970976246,0.09762532981530336,0.0712401055408971,0.25593667546174137,0.3007915567282322,0.32981530343007914,0.4116094986807387,0.30343007915567277,0.22427440633245377,0.1108179419525066,0.0712401055408971,0.2770448548812665,0.18733509234828494,0.3403693931398416,0.9999999999999999,0.8390501319261213,0.9973614775725593,0.7282321899736147,0.4591029023746701,2
Fraud and Deception,0.033001646502970855,0.0,0.040303529243324504,0.08318419357147969,0.22177679146681942,0.1840503973083256,0.14682511274965995,0.16694108382847736,0.16608203880020048,0.18125850096642568,0.11568473047462238,0.14217195217982678,0.1872002290786742,0.12520581287135804,0.15920967857398524,0.22428233946596035,0.33953754742644426,0.3358866060562675,1.0,0.43303028133724686,2
Homicide,0.4573170731707317,0.5670731707317074,0.7926829268292683,0.8658536585365855,1.0,0.6219512195121952,0.524390243902439,0.5792682926829269,0.3353658536585366,0.4329268292682927,0.475609756097561,0.5670731707317074,0.274390243902439,0.3170731707317073,0.40853658536585363,0.3658536585365854,0.15243902439024387,0.17682926829268292,0.0,0.012195121951219523,3
Kidnapping,0.24210526315789482,0.0,0.0,0.08421052631578951,0.35789473684210527,0.010526315789473717,0.7157894736842105,0.6105263157894736,0.43157894736842106,0.24210526315789482,0.49473684210526314,0.5263157894736843,0.8105263157894738,0.5368421052631578,0.6000000000000001,0.631578947368421,0.5578947368421052,0.6526315789473685,1.0,0.4421052631578948,2
Offences against Government and Justice Procedures,0.03291644953969075,0.0,0.11559840194545767,0.2627236407851311,0.3872676741358346,0.5847663713739795,0.46004863644259153,0.41141219385096406,0.30918881361820394,0.2582942504776793,0.23579989577905158,0.28834462393607785,0.43520931040472466,0.5122459614382491,0.6407851311446935,0.8722424874066355,1.0,0.3895257946847316,0.48662497828730245,0.2889525794684732,2
Public Order and Social Code Offences,0.5595640638818083,0.6281797846329916,0.8286167611715133,0.8575664568485669,0.964261561670915,0.9999999999999999,0.8804557041044582,0.812100088435728,0.6585860687717838,0.5242938147011392,0.332050148259897,0.23349633251833746,0.250429173386048,0.1449825729594757,0.19643135826874059,0.21666753368360825,0.22795609426208185,0.14045674452478807,0.12352390365707744,0.0,3
Robbery and Extortion,0.8116695551704216,0.6990179087232813,0.5297515886770652,0.5678798382437897,0.4032351242056613,0.47544771808203334,0.5875216637781628,1.0,0.8359329867128826,0.754477180820335,0.7452339688041594,0.6603119584055459,0.6164067013287116,0.34662045060658575,0.39168110918544197,0.5424610051993066,0.48295782784517605,0.17908723281340255,0.1288272674754477,0.0,4
Sexual Offences,0.1369801084990958,0.09448462929475587,0.1315551537070525,0.07775768535262206,0.04068716094032554,0.0,0.1256781193490054,0.4679023508137433,0.3114828209764918,0.31939421338155516,0.2879746835443038,0.31826401446654606,0.4588607594936708,0.566003616636528,0.7278481012658228,0.8779385171790236,0.9416817359855335,0.7997287522603979,0.9999999999999999,0.6114376130198914,2
Theft and Handling Stolen Property,0.8414614874047854,0.802617023294036,0.8293245677802712,0.8762919182022186,0.8956983469768323,0.948702550649515,0.9521160592939093,0.9436771073674894,0.9440879926672776,0.9270520560068272,1.0000000000000002,0.9749043901513954,0.913429627990771,0.558424728973735,0.7101362242801608,0.6358291981415343,0.6750845475520719,0.14750782262397677,0.0,0.07901640380542996,4
Weapons and Explosives Offences,0.009446693657219951,0.11785874943769681,0.2968960863697706,0.553306342780027,0.766531713900135,0.9604138551506972,0.9887539361223573,1.0,0.7156995051731895,0.5168690958164642,0.3796671165092217,0.26090868196131345,0.21727395411605943,0.10841205578047686,0.21817363922627087,0.24651372019793072,0.35672514619883045,0.5371120107962214,0.2865497076023392,0.0,1
